<svg xmlns="http://www.w3.org/2000/svg" viewBox="0 0 1021 992" preserveAspectRatio="xMidYMid" width="1021" height="992" style="shape-rendering: auto; display: block; background: rgb(255, 228, 123);"><g data-idx="1"><style type="text/css" data-idx="2">
  @keyframes ld-fall {
    0%    { transform: translate(0,0px) rotate3d(1,1,1,0deg); }
    16.6% { transform: translate(0,167.33333333333334px) rotate3d(1,1,1,180deg); }
    33.3% { transform: translate(0,334.6666666666667px) rotate3d(1,1,1,360deg); }
    50.0% { transform: translate(0,502px) rotate3d(1,1,1,540deg); }
    66.6% { transform: translate(0,669.3333333333334px) rotate3d(1,1,1,720deg); }
    83.3% { transform: translate(0,836.6666666666666px) rotate3d(1,1,1,900deg); }
    100%  { transform: translate(0,1004px) rotate3d(1,1,1,1080deg) ; }
  }
  .ld.ld-fall {
    animation: ld-fall 4s linear infinite;
  }
  .ld.ld-fall2 {
    animation: ld-fall 4s linear infinite;
    animation-fill-mode: forwards;
  }
</style>
  <g transform="matrix(1,0,0,1,0,648.0536499023438)" data-idx="3"><g transform="matrix(1,0,0,1,938.1674194335938,0)" data-idx="4">
<g style="animation-delay: -717.093s; animation-duration: 2s; animation-play-state: paused; transform: matrix3d(-0.0897174, 0.0986476, 0.99107, 0, 0.99107, -0.0897174, 0.0986476, 0, 0.0986476, 0.99107, -0.0897174, 0, 0, 549.05, 0, 1);" class="ld ld-fall2" data-idx="5">
<rect fill="#4355db" style="transform: matrix(2.78139, 0, 0, 2.78139, 0, 0);" height="9.241593534046537" width="10.068390147814148" y="-4.620796767023268" x="-5.034195073907074" data-idx="6"></rect>
</g></g><g transform="matrix(1,0,0,1,447.0150451660156,0)" data-idx="7">
<g style="animation-delay: -716.744s; animation-duration: 2s; animation-play-state: paused; transform: matrix3d(0.828819, 0.471859, -0.300679, 0, -0.300679, 0.828819, 0.471859, 0, 0.471859, -0.300679, 0.828819, 0, 0, 373.704, 0, 1);" class="ld ld-fall2" data-idx="8">
<rect fill="#4355db" style="transform: matrix(2.75346, 0, 0, 2.75346, 0, 0);" height="9.445819440348846" width="6.448141790459355" y="-4.722909720174423" x="-3.2240708952296777" data-idx="9"></rect>
</g></g><g transform="matrix(1,0,0,1,15.435770034790039,0)" data-idx="10">
<g style="animation-delay: -715.755s; animation-duration: 4s; animation-play-state: paused; transform: matrix3d(0.603845, -0.329607, 0.725762, 0, 0.725762, 0.603845, -0.329607, 0, -0.329607, 0.725762, 0.603845, 0, 0, 942.588, 0, 1);" class="ld ld-fall2" data-idx="11">
<rect fill="#4355db" style="transform: matrix(3.3221, 0, 0, 3.3221, 0, 0);" height="10.123371832849479" width="10.138424984707807" y="-5.061685916424739" x="-5.069212492353904" data-idx="12"></rect>
</g></g><g transform="matrix(1,0,0,1,65.00952911376953,0)" data-idx="13">
<g style="animation-delay: -716.158s; animation-duration: 4s; animation-play-state: paused; transform: matrix3d(0.82256, 0.480926, -0.303487, 0, -0.303487, 0.82256, 0.480926, 0, 0.480926, -0.303487, 0.82256, 0, 0, 39.7795, 0, 1);" class="ld ld-fall2" data-idx="14">
<rect fill="#eb7532" style="transform: matrix(2.6287, 0, 0, 2.6287, 0, 0);" height="9.368277727398771" width="7.1363789745635895" y="-4.684138863699386" x="-3.5681894872817947" data-idx="15"></rect>
</g></g><g transform="matrix(1,0,0,1,990.3709716796875,0)" data-idx="16">
<g style="animation-delay: -716.355s; animation-duration: 4s; animation-play-state: paused; transform: matrix3d(0.261055, 0.94342, -0.204475, 0, -0.204475, 0.261055, 0.94342, 0, 0.94342, -0.204475, 0.261055, 0, 0, 89.4528, 0, 1);" class="ld ld-fall2" data-idx="17">
<rect fill="#d23be7" style="transform: matrix(2.6058, 0, 0, 2.6058, 0, 0);" height="6.781869677049018" width="11.773835717701704" y="-3.390934838524509" x="-5.886917858850852" data-idx="18"></rect>
</g></g><g transform="matrix(1,0,0,1,87.74506378173828,0)" data-idx="19">
<g style="animation-delay: -717.704s; animation-duration: 4s; animation-play-state: paused; transform: matrix3d(0.215503, 0.960509, -0.176012, 0, -0.176012, 0.215503, 0.960509, 0, 0.960509, -0.176012, 0.215503, 0, 0, 427.797, 0, 1);" class="ld ld-fall2" data-idx="20">
<rect fill="#4355db" style="transform: matrix(2.0467, 0, 0, 2.0467, 0, 0);" height="7.864789613033336" width="11.467223569932994" y="-3.932394806516668" x="-5.733611784966497" data-idx="21"></rect>
</g></g><g transform="matrix(1,0,0,1,475.7487487792969,0)" data-idx="22">
<g style="animation-delay: -715.448s; animation-duration: 2s; animation-play-state: paused; transform: matrix3d(0.640399, 0.692261, -0.332661, 0, -0.332661, 0.640399, 0.692261, 0, 0.692261, -0.332661, 0.640399, 0, 0, 727.504, 0, 1);" class="ld ld-fall2" data-idx="23">
<rect fill="#eb7532" style="transform: matrix(1.9953, 0, 0, 1.9953, 0, 0);" height="10.526165759963105" width="10.041892098367551" y="-5.263082879981552" x="-5.020946049183776" data-idx="24"></rect>
</g></g><g transform="matrix(1,0,0,1,99.79691314697266,0)" data-idx="25">
<g style="animation-delay: -716.074s; animation-duration: 4s; animation-play-state: paused; transform: matrix3d(0.959696, 0.217854, -0.17755, 0, -0.17755, 0.959696, 0.217854, 0, 0.217854, -0.17755, 0.959696, 0, 0, 18.6158, 0, 1);" class="ld ld-fall2" data-idx="26">
<rect fill="#4355db" style="transform: matrix(1.96585, 0, 0, 1.96585, 0, 0);" height="8.066358666705376" width="8.60444880464231" y="-4.033179333352688" x="-4.302224402321155" data-idx="27"></rect>
</g></g><g transform="matrix(1,0,0,1,864.579345703125,0)" data-idx="28">
<g style="animation-delay: -715.49s; animation-duration: 2s; animation-play-state: paused; transform: matrix3d(0.389171, 0.880736, -0.269907, 0, -0.269907, 0.389171, 0.880736, 0, 0.880736, -0.269907, 0.389171, 0, 0, 748.534, 0, 1);" class="ld ld-fall2" data-idx="29">
<rect fill="#f7d038" style="transform: matrix(2.99175, 0, 0, 2.99175, 0, 0);" height="7.0929265604769425" width="7.070631372223238" y="-3.5464632802384712" x="-3.535315686111619" data-idx="30"></rect>
</g></g><g transform="matrix(1,0,0,1,932.8443603515625,0)" data-idx="31">
<g style="animation-delay: -717.985s; animation-duration: 4s; animation-play-state: paused; transform: matrix3d(-0.331754, 0.705597, 0.626157, 0, 0.626157, -0.331754, 0.705597, 0, 0.705597, 0.626157, -0.331754, 0, 0, 498.333, 0, 1);" class="ld ld-fall2" data-idx="32">
<rect fill="#eb7532" style="transform: matrix(2.52596, 0, 0, 2.52596, 0, 0);" height="11.311256871117276" width="6.405038516173279" y="-5.655628435558638" x="-3.2025192580866393" data-idx="33"></rect>
</g></g><g transform="matrix(1,0,0,1,846.7029418945312,0)" data-idx="34">
<g style="animation-delay: -716.372s; animation-duration: 2s; animation-play-state: paused; transform: matrix3d(-0.285683, 0.428488, 0.857195, 0, 0.857195, -0.285683, 0.428488, 0, 0.428488, 0.857195, -0.285683, 0, 0, 187.594, 0, 1);" class="ld ld-fall2" data-idx="35">
<rect fill="#eb7532" style="transform: matrix(2.22439, 0, 0, 2.22439, 0, 0);" height="7.456441006180908" width="9.611897672817364" y="-3.728220503090454" x="-4.805948836408682" data-idx="36"></rect>
</g></g><g transform="matrix(1,0,0,1,7.1139936447143555,0)" data-idx="37">
<g style="animation-delay: -715.975s; animation-duration: 2s; animation-play-state: paused; transform: matrix3d(0.981172, -0.126828, 0.145656, 0, 0.145656, 0.981172, -0.126828, 0, -0.126828, 0.145656, 0.981172, 0, 0, 991.311, 0, 1);" class="ld ld-fall2" data-idx="38">
<rect fill="#4355db" style="transform: matrix(2.0299, 0, 0, 2.0299, 0, 0);" height="6.936951453749228" width="10.000043503590895" y="-3.468475726874614" x="-5.0000217517954475" data-idx="39"></rect>
</g></g><g transform="matrix(1,0,0,1,1009.1741943359375,0)" data-idx="40">
<g style="animation-delay: -716.567s; animation-duration: 2s; animation-play-state: paused; transform: matrix3d(0.729086, -0.329159, 0.600073, 0, 0.600073, 0.729086, -0.329159, 0, -0.329159, 0.600073, 0.729086, 0, 0, 284.852, 0, 1);" class="ld ld-fall2" data-idx="41">
<rect fill="#eb7532" style="transform: matrix(2.47601, 0, 0, 2.47601, 0, 0);" height="7.587651448054601" width="9.994057934910227" y="-3.7938257240273003" x="-4.997028967455114" data-idx="42"></rect>
</g></g><g transform="matrix(1,0,0,1,1011.6148681640625,0)" data-idx="43">
<g style="animation-delay: -715.155s; animation-duration: 4s; animation-play-state: paused; transform: matrix3d(-0.115321, 0.984703, 0.130618, 0, 0.130618, -0.115321, 0.984703, 0, 0.984703, 0.130618, -0.115321, 0, 0, 792.321, 0, 1);" class="ld ld-fall2" data-idx="44">
<rect fill="#a3e048" style="transform: matrix(3.40746, 0, 0, 3.40746, 0, 0);" height="8.674789432316587" width="8.086215119630909" y="-4.337394716158293" x="-4.043107559815454" data-idx="45"></rect>
</g></g><g transform="matrix(1,0,0,1,474.8825378417969,0)" data-idx="46">
<g style="animation-delay: -716.918s; animation-duration: 2s; animation-play-state: paused; transform: matrix3d(-0.144806, 0.974734, 0.170072, 0, 0.170072, -0.144806, 0.974734, 0, 0.974734, 0.170072, -0.144806, 0, 0, 460.933, 0, 1);" class="ld ld-fall2" data-idx="47">
<rect fill="#34bbe6" style="transform: matrix(3.18031, 0, 0, 3.18031, 0, 0);" height="11.644015439282235" width="8.291344046399189" y="-5.8220077196411175" x="-4.1456720231995945" data-idx="48"></rect>
</g></g><g transform="matrix(1,0,0,1,839.3668212890625,0)" data-idx="49">
<g style="animation-delay: -716.327s; animation-duration: 4s; animation-play-state: paused; transform: matrix3d(0.348251, 0.90308, -0.251331, 0, -0.251331, 0.348251, 0.90308, 0, 0.90308, -0.251331, 0.348251, 0, 0, 82.4747, 0, 1);" class="ld ld-fall2" data-idx="50">
<rect fill="#34bbe6" style="transform: matrix(1.56692, 0, 0, 1.56692, 0, 0);" height="7.149901271356995" width="8.682496969391886" y="-3.5749506356784977" x="-4.341248484695943" data-idx="51"></rect>
</g></g><g transform="matrix(1,0,0,1,602.127685546875,0)" data-idx="52">
<g style="animation-delay: -716.428s; animation-duration: 4s; animation-play-state: paused; transform: matrix3d(0.0396724, 0.998484, -0.0381563, 0, -0.0381563, 0.0396724, 0.998484, 0, 0.998484, -0.0381563, 0.0396724, 0, 0, 107.963, 0, 1);" class="ld ld-fall2" data-idx="53">
<rect fill="#34bbe6" style="transform: matrix(3.34295, 0, 0, 3.34295, 0, 0);" height="8.003396731259217" width="7.3360741011778465" y="-4.001698365629609" x="-3.6680370505889233" data-idx="54"></rect>
</g></g><g transform="matrix(1,0,0,1,308.7110595703125,0)" data-idx="55">
<g style="animation-delay: -717.134s; animation-duration: 2s; animation-play-state: paused; transform: matrix3d(0.13309, -0.117236, 0.984146, 0, 0.984146, 0.13309, -0.117236, 0, -0.117236, 0.984146, 0.13309, 0, 0, 569.417, 0, 1);" class="ld ld-fall2" data-idx="56">
<rect fill="#4355db" style="transform: matrix(2.05686, 0, 0, 2.05686, 0, 0);" height="10.516735993630594" width="6.890562157991862" y="-5.258367996815297" x="-3.445281078995931" data-idx="57"></rect>
</g></g><g transform="matrix(1,0,0,1,586.6386108398438,0)" data-idx="58">
<g style="animation-delay: -717.415s; animation-duration: 4s; animation-play-state: paused; transform: matrix3d(0.950256, 0.243705, -0.193961, 0, -0.193961, 0.950256, 0.243705, 0, 0.243705, -0.193961, 0.950256, 0, 0, 355.373, 0, 1);" class="ld ld-fall2" data-idx="59">
<rect fill="#eb7532" style="transform: matrix(2.8668, 0, 0, 2.8668, 0, 0);" height="10.589254286702037" width="8.352277238264218" y="-5.294627143351018" x="-4.176138619132109" data-idx="60"></rect>
</g></g><g transform="matrix(1,0,0,1,369.9222717285156,0)" data-idx="61">
<g style="animation-delay: -717.807s; animation-duration: 4s; animation-play-state: paused; transform: matrix3d(-0.0777195, 0.993403, 0.0843161, 0, 0.0843161, -0.0777195, 0.993403, 0, 0.993403, 0.0843161, -0.0777195, 0, 0, 453.721, 0, 1);" class="ld ld-fall2" data-idx="62">
<rect fill="#f7d038" style="transform: matrix(2.50651, 0, 0, 2.50651, 0, 0);" height="7.412661618147512" width="7.686362466161422" y="-3.706330809073756" x="-3.843181233080711" data-idx="63"></rect>
</g></g><g transform="matrix(1,0,0,1,131.00938415527344,0)" data-idx="64">
<g style="animation-delay: -716.379s; animation-duration: 2s; animation-play-state: paused; transform: matrix3d(-0.269805, 0.388931, 0.880873, 0, 0.880873, -0.269805, 0.388931, 0, 0.388931, 0.880873, -0.269805, 0, 0, 190.775, 0, 1);" class="ld ld-fall2" data-idx="65">
<rect fill="#34bbe6" style="transform: matrix(1.60301, 0, 0, 1.60301, 0, 0);" height="6.4474189014487955" width="8.293450036293923" y="-3.2237094507243977" x="-4.146725018146961" data-idx="66"></rect>
</g></g><g transform="matrix(1,0,0,1,706.732421875,0)" data-idx="67">
<g style="animation-delay: -718.584s; animation-duration: 4s; animation-play-state: paused; transform: matrix3d(0.953231, -0.189051, 0.23582, 0, 0.23582, 0.953231, -0.189051, 0, -0.189051, 0.23582, 0.953231, 0, 0, 649.263, 0, 1);" class="ld ld-fall2" data-idx="68">
<rect fill="#eb7532" style="transform: matrix(2.13065, 0, 0, 2.13065, 0, 0);" height="7.315757206918994" width="10.421002976799388" y="-3.657878603459497" x="-5.210501488399694" data-idx="69"></rect>
</g></g><g transform="matrix(1,0,0,1,519.9949951171875,0)" data-idx="70">
<g style="animation-delay: -715.623s; animation-duration: 2s; animation-play-state: paused; transform: matrix3d(-0.279332, 0.867294, 0.412038, 0, 0.412038, -0.279332, 0.867294, 0, 0.867294, 0.412038, -0.279332, 0, 0, 815.081, 0, 1);" class="ld ld-fall2" data-idx="71">
<rect fill="#d23be7" style="transform: matrix(2.25324, 0, 0, 2.25324, 0, 0);" height="8.63752888574401" width="11.028085086705179" y="-4.318764442872005" x="-5.5140425433525895" data-idx="72"></rect>
</g></g><g transform="matrix(1,0,0,1,840.6265869140625,0)" data-idx="73">
<g style="animation-delay: -716.225s; animation-duration: 2s; animation-play-state: paused; transform: matrix3d(-0.0221251, 0.999499, 0.0226259, 0, 0.0226259, -0.0221251, 0.999499, 0, 0.999499, 0.0226259, -0.0221251, 0, 0, 113.62, 0, 1);" class="ld ld-fall2" data-idx="74">
<rect fill="#eb7532" style="transform: matrix(2.22705, 0, 0, 2.22705, 0, 0);" height="6.272466344110892" width="8.80184306213736" y="-3.136233172055446" x="-4.40092153106868" data-idx="75"></rect>
</g></g><g transform="matrix(1,0,0,1,746.7850952148438,0)" data-idx="76">
<g style="animation-delay: -715.533s; animation-duration: 2s; animation-play-state: paused; transform: matrix3d(0.124313, 0.986083, -0.110395, 0, -0.110395, 0.124313, 0.986083, 0, 0.986083, -0.110395, 0.124313, 0, 0, 769.986, 0, 1);" class="ld ld-fall2" data-idx="77">
<rect fill="#a3e048" style="transform: matrix(2.04393, 0, 0, 2.04393, 0, 0);" height="10.599244416563106" width="7.518963951085894" y="-5.299622208281553" x="-3.759481975542947" data-idx="78"></rect>
</g></g></g>
  <g transform="matrix(1,0,0,1,0,-355.94635009765625)" data-idx="79"><g transform="matrix(1,0,0,1,938.1674194335938,0)" data-idx="80">
<g style="animation-delay: -717.093s; animation-duration: 2s; animation-play-state: paused; transform: matrix3d(-0.0897174, 0.0986476, 0.99107, 0, 0.99107, -0.0897174, 0.0986476, 0, 0.0986476, 0.99107, -0.0897174, 0, 0, 549.05, 0, 1);" class="ld ld-fall" data-idx="81">
<rect fill="#4355db" style="transform: matrix(2.78139, 0, 0, 2.78139, 0, 0);" height="9.241593534046537" width="10.068390147814148" y="-4.620796767023268" x="-5.034195073907074" data-idx="82"></rect>
</g></g><g transform="matrix(1,0,0,1,447.0150451660156,0)" data-idx="83">
<g style="animation-delay: -716.744s; animation-duration: 2s; animation-play-state: paused; transform: matrix3d(0.828819, 0.471859, -0.300679, 0, -0.300679, 0.828819, 0.471859, 0, 0.471859, -0.300679, 0.828819, 0, 0, 373.704, 0, 1);" class="ld ld-fall" data-idx="84">
<rect fill="#4355db" style="transform: matrix(2.75346, 0, 0, 2.75346, 0, 0);" height="9.445819440348846" width="6.448141790459355" y="-4.722909720174423" x="-3.2240708952296777" data-idx="85"></rect>
</g></g><g transform="matrix(1,0,0,1,15.435770034790039,0)" data-idx="86">
<g style="animation-delay: -715.755s; animation-duration: 4s; animation-play-state: paused; transform: matrix3d(0.603845, -0.329607, 0.725762, 0, 0.725762, 0.603845, -0.329607, 0, -0.329607, 0.725762, 0.603845, 0, 0, 942.588, 0, 1);" class="ld ld-fall" data-idx="87">
<rect fill="#4355db" style="transform: matrix(3.3221, 0, 0, 3.3221, 0, 0);" height="10.123371832849479" width="10.138424984707807" y="-5.061685916424739" x="-5.069212492353904" data-idx="88"></rect>
</g></g><g transform="matrix(1,0,0,1,65.00952911376953,0)" data-idx="89">
<g style="animation-delay: -716.158s; animation-duration: 4s; animation-play-state: paused; transform: matrix3d(0.82256, 0.480926, -0.303487, 0, -0.303487, 0.82256, 0.480926, 0, 0.480926, -0.303487, 0.82256, 0, 0, 39.7795, 0, 1);" class="ld ld-fall" data-idx="90">
<rect fill="#eb7532" style="transform: matrix(2.6287, 0, 0, 2.6287, 0, 0);" height="9.368277727398771" width="7.1363789745635895" y="-4.684138863699386" x="-3.5681894872817947" data-idx="91"></rect>
</g></g><g transform="matrix(1,0,0,1,990.3709716796875,0)" data-idx="92">
<g style="animation-delay: -716.355s; animation-duration: 4s; animation-play-state: paused; transform: matrix3d(0.261055, 0.94342, -0.204475, 0, -0.204475, 0.261055, 0.94342, 0, 0.94342, -0.204475, 0.261055, 0, 0, 89.4528, 0, 1);" class="ld ld-fall" data-idx="93">
<rect fill="#d23be7" style="transform: matrix(2.6058, 0, 0, 2.6058, 0, 0);" height="6.781869677049018" width="11.773835717701704" y="-3.390934838524509" x="-5.886917858850852" data-idx="94"></rect>
</g></g><g transform="matrix(1,0,0,1,87.74506378173828,0)" data-idx="95">
<g style="animation-delay: -717.704s; animation-duration: 4s; animation-play-state: paused; transform: matrix3d(0.215503, 0.960509, -0.176012, 0, -0.176012, 0.215503, 0.960509, 0, 0.960509, -0.176012, 0.215503, 0, 0, 427.797, 0, 1);" class="ld ld-fall" data-idx="96">
<rect fill="#4355db" style="transform: matrix(2.0467, 0, 0, 2.0467, 0, 0);" height="7.864789613033336" width="11.467223569932994" y="-3.932394806516668" x="-5.733611784966497" data-idx="97"></rect>
</g></g><g transform="matrix(1,0,0,1,475.7487487792969,0)" data-idx="98">
<g style="animation-delay: -715.448s; animation-duration: 2s; animation-play-state: paused; transform: matrix3d(0.640399, 0.692261, -0.332661, 0, -0.332661, 0.640399, 0.692261, 0, 0.692261, -0.332661, 0.640399, 0, 0, 727.504, 0, 1);" class="ld ld-fall" data-idx="99">
<rect fill="#eb7532" style="transform: matrix(1.9953, 0, 0, 1.9953, 0, 0);" height="10.526165759963105" width="10.041892098367551" y="-5.263082879981552" x="-5.020946049183776" data-idx="100"></rect>
</g></g><g transform="matrix(1,0,0,1,99.79691314697266,0)" data-idx="101">
<g style="animation-delay: -716.074s; animation-duration: 4s; animation-play-state: paused; transform: matrix3d(0.959696, 0.217854, -0.17755, 0, -0.17755, 0.959696, 0.217854, 0, 0.217854, -0.17755, 0.959696, 0, 0, 18.6158, 0, 1);" class="ld ld-fall" data-idx="102">
<rect fill="#4355db" style="transform: matrix(1.96585, 0, 0, 1.96585, 0, 0);" height="8.066358666705376" width="8.60444880464231" y="-4.033179333352688" x="-4.302224402321155" data-idx="103"></rect>
</g></g><g transform="matrix(1,0,0,1,864.579345703125,0)" data-idx="104">
<g style="animation-delay: -715.49s; animation-duration: 2s; animation-play-state: paused; transform: matrix3d(0.389171, 0.880736, -0.269907, 0, -0.269907, 0.389171, 0.880736, 0, 0.880736, -0.269907, 0.389171, 0, 0, 748.534, 0, 1);" class="ld ld-fall" data-idx="105">
<rect fill="#f7d038" style="transform: matrix(2.99175, 0, 0, 2.99175, 0, 0);" height="7.0929265604769425" width="7.070631372223238" y="-3.5464632802384712" x="-3.535315686111619" data-idx="106"></rect>
</g></g><g transform="matrix(1,0,0,1,932.8443603515625,0)" data-idx="107">
<g style="animation-delay: -717.985s; animation-duration: 4s; animation-play-state: paused; transform: matrix3d(-0.331754, 0.705597, 0.626157, 0, 0.626157, -0.331754, 0.705597, 0, 0.705597, 0.626157, -0.331754, 0, 0, 498.333, 0, 1);" class="ld ld-fall" data-idx="108">
<rect fill="#eb7532" style="transform: matrix(2.52596, 0, 0, 2.52596, 0, 0);" height="11.311256871117276" width="6.405038516173279" y="-5.655628435558638" x="-3.2025192580866393" data-idx="109"></rect>
</g></g><g transform="matrix(1,0,0,1,846.7029418945312,0)" data-idx="110">
<g style="animation-delay: -716.372s; animation-duration: 2s; animation-play-state: paused; transform: matrix3d(-0.285683, 0.428488, 0.857195, 0, 0.857195, -0.285683, 0.428488, 0, 0.428488, 0.857195, -0.285683, 0, 0, 187.594, 0, 1);" class="ld ld-fall" data-idx="111">
<rect fill="#eb7532" style="transform: matrix(2.22439, 0, 0, 2.22439, 0, 0);" height="7.456441006180908" width="9.611897672817364" y="-3.728220503090454" x="-4.805948836408682" data-idx="112"></rect>
</g></g><g transform="matrix(1,0,0,1,7.1139936447143555,0)" data-idx="113">
<g style="animation-delay: -715.975s; animation-duration: 2s; animation-play-state: paused; transform: matrix3d(0.981172, -0.126828, 0.145656, 0, 0.145656, 0.981172, -0.126828, 0, -0.126828, 0.145656, 0.981172, 0, 0, 991.311, 0, 1);" class="ld ld-fall" data-idx="114">
<rect fill="#4355db" style="transform: matrix(2.0299, 0, 0, 2.0299, 0, 0);" height="6.936951453749228" width="10.000043503590895" y="-3.468475726874614" x="-5.0000217517954475" data-idx="115"></rect>
</g></g><g transform="matrix(1,0,0,1,1009.1741943359375,0)" data-idx="116">
<g style="animation-delay: -716.567s; animation-duration: 2s; animation-play-state: paused; transform: matrix3d(0.729086, -0.329159, 0.600073, 0, 0.600073, 0.729086, -0.329159, 0, -0.329159, 0.600073, 0.729086, 0, 0, 284.852, 0, 1);" class="ld ld-fall" data-idx="117">
<rect fill="#eb7532" style="transform: matrix(2.47601, 0, 0, 2.47601, 0, 0);" height="7.587651448054601" width="9.994057934910227" y="-3.7938257240273003" x="-4.997028967455114" data-idx="118"></rect>
</g></g><g transform="matrix(1,0,0,1,1011.6148681640625,0)" data-idx="119">
<g style="animation-delay: -715.155s; animation-duration: 4s; animation-play-state: paused; transform: matrix3d(-0.115321, 0.984703, 0.130618, 0, 0.130618, -0.115321, 0.984703, 0, 0.984703, 0.130618, -0.115321, 0, 0, 792.321, 0, 1);" class="ld ld-fall" data-idx="120">
<rect fill="#a3e048" style="transform: matrix(3.40746, 0, 0, 3.40746, 0, 0);" height="8.674789432316587" width="8.086215119630909" y="-4.337394716158293" x="-4.043107559815454" data-idx="121"></rect>
</g></g><g transform="matrix(1,0,0,1,474.8825378417969,0)" data-idx="122">
<g style="animation-delay: -716.918s; animation-duration: 2s; animation-play-state: paused; transform: matrix3d(-0.144806, 0.974734, 0.170072, 0, 0.170072, -0.144806, 0.974734, 0, 0.974734, 0.170072, -0.144806, 0, 0, 460.933, 0, 1);" class="ld ld-fall" data-idx="123">
<rect fill="#34bbe6" style="transform: matrix(3.18031, 0, 0, 3.18031, 0, 0);" height="11.644015439282235" width="8.291344046399189" y="-5.8220077196411175" x="-4.1456720231995945" data-idx="124"></rect>
</g></g><g transform="matrix(1,0,0,1,839.3668212890625,0)" data-idx="125">
<g style="animation-delay: -716.327s; animation-duration: 4s; animation-play-state: paused; transform: matrix3d(0.348251, 0.90308, -0.251331, 0, -0.251331, 0.348251, 0.90308, 0, 0.90308, -0.251331, 0.348251, 0, 0, 82.4747, 0, 1);" class="ld ld-fall" data-idx="126">
<rect fill="#34bbe6" style="transform: matrix(1.56692, 0, 0, 1.56692, 0, 0);" height="7.149901271356995" width="8.682496969391886" y="-3.5749506356784977" x="-4.341248484695943" data-idx="127"></rect>
</g></g><g transform="matrix(1,0,0,1,602.127685546875,0)" data-idx="128">
<g style="animation-delay: -716.428s; animation-duration: 4s; animation-play-state: paused; transform: matrix3d(0.0396724, 0.998484, -0.0381563, 0, -0.0381563, 0.0396724, 0.998484, 0, 0.998484, -0.0381563, 0.0396724, 0, 0, 107.963, 0, 1);" class="ld ld-fall" data-idx="129">
<rect fill="#34bbe6" style="transform: matrix(3.34295, 0, 0, 3.34295, 0, 0);" height="8.003396731259217" width="7.3360741011778465" y="-4.001698365629609" x="-3.6680370505889233" data-idx="130"></rect>
</g></g><g transform="matrix(1,0,0,1,308.7110595703125,0)" data-idx="131">
<g style="animation-delay: -717.134s; animation-duration: 2s; animation-play-state: paused; transform: matrix3d(0.13309, -0.117236, 0.984146, 0, 0.984146, 0.13309, -0.117236, 0, -0.117236, 0.984146, 0.13309, 0, 0, 569.417, 0, 1);" class="ld ld-fall" data-idx="132">
<rect fill="#4355db" style="transform: matrix(2.05686, 0, 0, 2.05686, 0, 0);" height="10.516735993630594" width="6.890562157991862" y="-5.258367996815297" x="-3.445281078995931" data-idx="133"></rect>
</g></g><g transform="matrix(1,0,0,1,586.6386108398438,0)" data-idx="134">
<g style="animation-delay: -717.415s; animation-duration: 4s; animation-play-state: paused; transform: matrix3d(0.950256, 0.243705, -0.193961, 0, -0.193961, 0.950256, 0.243705, 0, 0.243705, -0.193961, 0.950256, 0, 0, 355.373, 0, 1);" class="ld ld-fall" data-idx="135">
<rect fill="#eb7532" style="transform: matrix(2.8668, 0, 0, 2.8668, 0, 0);" height="10.589254286702037" width="8.352277238264218" y="-5.294627143351018" x="-4.176138619132109" data-idx="136"></rect>
</g></g><g transform="matrix(1,0,0,1,369.9222717285156,0)" data-idx="137">
<g style="animation-delay: -717.807s; animation-duration: 4s; animation-play-state: paused; transform: matrix3d(-0.0777195, 0.993403, 0.0843161, 0, 0.0843161, -0.0777195, 0.993403, 0, 0.993403, 0.0843161, -0.0777195, 0, 0, 453.721, 0, 1);" class="ld ld-fall" data-idx="138">
<rect fill="#f7d038" style="transform: matrix(2.50651, 0, 0, 2.50651, 0, 0);" height="7.412661618147512" width="7.686362466161422" y="-3.706330809073756" x="-3.843181233080711" data-idx="139"></rect>
</g></g><g transform="matrix(1,0,0,1,131.00938415527344,0)" data-idx="140">
<g style="animation-delay: -716.379s; animation-duration: 2s; animation-play-state: paused; transform: matrix3d(-0.269805, 0.388931, 0.880873, 0, 0.880873, -0.269805, 0.388931, 0, 0.388931, 0.880873, -0.269805, 0, 0, 190.775, 0, 1);" class="ld ld-fall" data-idx="141">
<rect fill="#34bbe6" style="transform: matrix(1.60301, 0, 0, 1.60301, 0, 0);" height="6.4474189014487955" width="8.293450036293923" y="-3.2237094507243977" x="-4.146725018146961" data-idx="142"></rect>
</g></g><g transform="matrix(1,0,0,1,706.732421875,0)" data-idx="143">
<g style="animation-delay: -718.584s; animation-duration: 4s; animation-play-state: paused; transform: matrix3d(0.953231, -0.189051, 0.23582, 0, 0.23582, 0.953231, -0.189051, 0, -0.189051, 0.23582, 0.953231, 0, 0, 649.263, 0, 1);" class="ld ld-fall" data-idx="144">
<rect fill="#eb7532" style="transform: matrix(2.13065, 0, 0, 2.13065, 0, 0);" height="7.315757206918994" width="10.421002976799388" y="-3.657878603459497" x="-5.210501488399694" data-idx="145"></rect>
</g></g><g transform="matrix(1,0,0,1,519.9949951171875,0)" data-idx="146">
<g style="animation-delay: -715.623s; animation-duration: 2s; animation-play-state: paused; transform: matrix3d(-0.279332, 0.867294, 0.412038, 0, 0.412038, -0.279332, 0.867294, 0, 0.867294, 0.412038, -0.279332, 0, 0, 815.081, 0, 1);" class="ld ld-fall" data-idx="147">
<rect fill="#d23be7" style="transform: matrix(2.25324, 0, 0, 2.25324, 0, 0);" height="8.63752888574401" width="11.028085086705179" y="-4.318764442872005" x="-5.5140425433525895" data-idx="148"></rect>
</g></g><g transform="matrix(1,0,0,1,840.6265869140625,0)" data-idx="149">
<g style="animation-delay: -716.225s; animation-duration: 2s; animation-play-state: paused; transform: matrix3d(-0.0221251, 0.999499, 0.0226259, 0, 0.0226259, -0.0221251, 0.999499, 0, 0.999499, 0.0226259, -0.0221251, 0, 0, 113.62, 0, 1);" class="ld ld-fall" data-idx="150">
<rect fill="#eb7532" style="transform: matrix(2.22705, 0, 0, 2.22705, 0, 0);" height="6.272466344110892" width="8.80184306213736" y="-3.136233172055446" x="-4.40092153106868" data-idx="151"></rect>
</g></g><g transform="matrix(1,0,0,1,746.7850952148438,0)" data-idx="152">
<g style="animation-delay: -715.533s; animation-duration: 2s; animation-play-state: paused; transform: matrix3d(0.124313, 0.986083, -0.110395, 0, -0.110395, 0.124313, 0.986083, 0, 0.986083, -0.110395, 0.124313, 0, 0, 769.986, 0, 1);" class="ld ld-fall" data-idx="153">
<rect fill="#a3e048" style="transform: matrix(2.04393, 0, 0, 2.04393, 0, 0);" height="10.599244416563106" width="7.518963951085894" y="-5.299622208281553" x="-3.759481975542947" data-idx="154"></rect>
</g></g></g><g data-idx="155"></g></g><text data-watermark="true" text-anchor="middle" dominant-baseline="middle" stroke-opacity="0.1" fill="black" fill-opacity="0.1" stroke="white" stroke-width="1" font-size="15.0" x="510.5" y="496.0" data-idx="156" style="opacity: 1; font-size: 15px;">LOADING.IO</text></svg>